 247.9640033848345 53.47393327700793
 223.7997270142999 219.0330425218582
 72.95742922005262 28.45393568373178
 105.3940465180066 196.5671038901027
 216.3431018404127 78.11115763624598
 55.72481529007869 19.28211215776257
 47.88962620567274 65.11001455267682
 184.4373730547133 220.847431244346
 90.51672722178542 205.9700882002755
 213.7576532592821 122.4009029794347
 197.6908956688945 52.22919581241358
 180.7563836841394 246.4020851278512
 89.77778422569936 203.0932342589895
 254.0971579912577 99.87247807309272
 221.6593473042364 242.4635665630107
 117.8790525970604 68.93077975241432
 41.16776895259683 206.635923142665
 253.2845661217398 245.6252776409429
 101.5157942859576 213.0674125910575
 174.8398662272514 121.3059453610071
 249.8039983763101 105.7661731379327
 209.9501354693256 205.6526943732744
 130.0188615997641 156.1813176195532
 106.2154789479377 170.5729099759309
 152.5966218511895 125.6802282957666
 194.0523378082772 71.73780619566459
 140.6211536798894 187.8220236600747
 153.1019156942983 244.7236076275149
 5.320138598321347 35.63356915183665
 197.9353183049348 164.9022459036185
 216.9851617708645 173.0829814437821
 47.44245169342391 73.50202933146001
 162.3772269671451 61.17237822081604
 14.16559577324811 58.46454269939115
 91.65411521104143 19.68987357981258
 164.8213956482901 248.9068783962323
 202.9210652487835 247.5158126215967
 121.7651618519462 12.93650310848856
 247.6214998279438 179.9453065369952
 148.7215298839977 128.1847781040262
 43.16424321833934 10.77066826496143
 71.19318132190362 198.7877321821661
 234.2565241462511 136.0647834040601
 59.40512667432394 160.9828415425276
 210.3058385421875 148.1056617625752
 138.9935391417539 7.511370808866144
 16.05993510824639 152.1683321188547
 46.17253140619867 232.2247364092646
 187.0003365642131 226.1944025309606
 241.8629440044335 81.45803740535378
 74.19537814100885 25.74677324078489
 184.4896659172707 113.4225155356391
 180.6660972495537 118.0877788035378
 202.7325073135606 54.54033046748388
 221.9048134456139 99.79786023014013
 149.4151735289878 34.26475591702182
 130.1882865342782 87.79165779755472
 81.0279920726263 173.1684938044833
 253.9316907897238 3.867544264830099
 195.3600471390897 127.3369115144364
 87.35931041084454 123.3206573681585
 75.52178938366045 115.2012976073301
 101.6361020487728 87.61318653318104
 122.9103833701291 150.2110699136364
 78.19836480160272 206.6420150306819
 202.8161528138796 15.42087660742665
 10.1913858428892 96.9520946169189
 159.7033625429868 68.64929518649747
 78.24870462475677 248.2069964014953
 242.437345479092 251.412149289953
 195.4118141209734 219.5357764367512
 147.2684287793238 100.9989447428878
 227.8902902538676 249.4441294377806
 89.73888013846341 60.86022620246568
 7.305968010531626 2.231035527732314
 231.7846984709989 171.2583538356086
 131.4348757113056 125.9177843793876
 12.99326103722781 134.2227803296768
 103.034724942569 153.5898984756055
 62.03098926441625 240.1698334046305
 251.615991202334 138.7982055389649
 38.62293096276149 187.5203634590088
 17.2116467821417 135.7854939342008
 61.22210036698768 194.9576865240968
 56.27162171729613 165.0050140911811
 46.23334171801268 3.14248390861884
 149.8166788400987 42.55536899570312
 132.0772352920769 30.17189500995134
 232.4406934429138 114.0074914455191
 34.15129663708426 91.12754538108244
 55.26652781823215 73.43660894889935
 113.9071588334146 2.255521052644821
 221.5311651557938 16.34468216175018
 235.1300248721819 237.0792121927797
 251.2724094192488 176.3253584607072
 176.5944788894397 151.0656335453356
 119.2574691450195 12.91931535299527
 110.8747508502053 91.54436693865965
 34.90527276791646 185.5113633394952
 128.2626467025135 216.3429783830691
 223.5599493164479 222.2179619879688
 30.58050153380163 217.0846924967121
 8.562734313096865 201.1525518110665
 172.1836163388486 138.2854311932247
 157.6497625691122 45.93030584283166
 119.0384184345636 196.8980821896959
 11.71185316493709 228.3522415333005
 73.00147593633885 239.3957977593612
 183.0763488191173 45.23402261986949
 243.6210924938252 8.551576245493873
 93.09047468828011 33.80614438166553
 148.0600330384248 215.2018436272164
 17.91114140711134 150.4855203096598
 80.47817432183992 187.2884331692865
 71.73776295865646 149.757276735285
 143.9552385676637 40.29749449438442
 103.2822847625579 117.3815349972642
 15.84016032662414 112.9695094968564
 133.9216079470484 56.68939602939726
 22.085427295543 255.5828492697071
 65.05603979704397 131.3909339407842
 42.81931950757208 32.93391845941038
 0.3841628390400842 117.9588897533521
 72.27851007957447 186.1414206162831
 60.11661605689459 203.3798746556029
 99.38386992616454 157.7884000099181
 129.0409118842484 44.11999107679223
 66.86132694455831 228.0920659289452
 95.10937367104496 147.082203911345
 68.01455188451091 84.00889821108673
 180.5680631546391 209.7351202575646
 30.16108151604494 125.9841491722931
 71.70401802977447 244.7506317869975
 134.1649911024159 196.1613151653456
 57.93903945291113 186.0549895346777
 162.7336030550386 149.0153636108002
 101.5388601468288 34.55920069819585
 109.736706723033 216.567142868789
 200.2939835489923 60.81829831511284
 191.5158342679624 246.3288015669934
 234.9797141058424 122.3556309044441
 5.102840728540326 55.85812155039214
 97.78554285236042 121.8270985885184
 59.90192674036815 159.4927472475069
 126.4891590415292 135.9169849919996
 224.2004631419948 72.10959224180091
 201.6517625634906 83.25711537697505
 233.9426093941651 112.6353155384167
 126.188131594447 161.5806701509987
 45.57353817344965 128.4710962313444
 32.52729506649739 13.22733293811428
 252.8468688309964 183.267710986903
 79.06325904411973 231.6505716951268
 99.29693175730351 72.86038326942854
 19.99815407437616 27.39749051744085
 139.7559960649351 210.5544665899928
 187.3038949770703 22.83133396850512
 81.24060039724962 5.593524118480571
 47.65552998217187 154.2140523480809
 87.3295595627322 185.5461247503474
 249.5049734401501 2.795194938596393
 185.8102931118639 150.9343276491022
 232.2147716220593 17.24316305723151
 190.4231944863043 148.3593063814995
 23.55050720107662 76.61103902685683
 222.7662887685926 90.01111670501201
 67.79572635272991 151.1918890554476
 186.5488867117727 220.4668084675183
 171.1357005040587 81.63751151938105
 5.431948030836947 45.62597831011017
 133.2802983743882 60.32442336082333
 56.77941100352025 36.46473552107402
 59.34189495209866 29.62642014186552
 86.98876374224484 239.9315146985506
 145.4201205204585 180.5687695829704
 122.6128373710459 11.02584883691484
 242.3868299089359 148.6406052691885
 56.76698679525428 109.7459606948691
 163.0747691649248 163.6107718060983
 226.0713387871853 24.73999936736162
 25.5239973601253 61.86472302780184
 52.97882485883487 207.2899734213734
 124.195596318596 245.7613957462987
 221.0467882432726 84.82391249596721
 242.6156834955316 254.2070809807499
 100.1252224346829 220.4683255110405
 25.89413817261088 181.7129442601151
 2.271460077006805 57.24351076069978
 56.44629176782139 218.1281713518884
 151.0024994119346 164.3467830855968
 154.3067721827192 83.27672622725235
 116.666212722033 133.2440960837538
 19.17278757861764 212.3665833678781
 153.209056741489 222.3465534647875
 110.3466186821829 247.5591584586476
 233.3939220612866 109.192289440044
 157.2761733845961 59.40068435831795
 184.8548958493457 195.2642445361207
 56.11509196112932 228.0177398049454
 132.2998983109442 70.3889058099184
 49.03721490409065 135.5918627955342
 149.9668839421386 73.48759496344287
 236.5504425998176 53.18919481711457
 184.4957259509517 240.5220326676349
 26.57902668387437 84.11667101925711
 27.76498611758405 0.8140056337030444
 204.0300396193855 228.6292051329912
 94.69988761706453 119.6388040342213
 215.5036203493834 73.60030258597926
 82.24467636345123 173.4773048501036
 47.60656381985298 146.804600386681
 27.97073502301664 211.0546987062178
 16.52655735618994 186.7746681486655
 25.74619355255781 112.8811640292506
 150.8569795289286 94.11342470965577
 171.4079592856206 9.313914123299195
 17.67768051348734 118.1048480121557
 1.67552923469982 37.4415296126257
 255.31449952389 6.730464268518699
 9.132173743291258 32.24074718082657
 218.5166405612594 223.6177356541913
 23.97648644565832 84.46013807773842
 99.58526849360503 17.43614558179588
 8.565993767537247 109.8034136789683
 143.5629610071957 227.873818003208
 127.1638198374382 156.9181910098682
 187.4487965046989 57.33227879110315
 112.9739910694007 71.89583168235187
 120.1154430088603 134.6752023263923
 108.8233897178472 186.3271557704475
 27.77150369340644 158.4107747733749
 90.2761215467721 5.594021308651532
 16.40862877126049 86.52424285202751
 35.54313123465541 148.4535369432892
 200.3867023378381 209.7154752146461
 217.9220167568589 164.4801050140059
 116.4365818280379 42.99593368199693
 250.3237504596475 192.5616825314706
 161.013302153454 27.64628043491733
 125.4572754506506 14.86389090797142
 159.0862071985765 111.9530643044065
 225.7530560098491 2.487966818414503
 153.8528026372455 53.01634213992493
 183.7790969126627 53.0423624178119
 83.43057272519017 228.7723881232498
 243.2885287903868 106.1060601562063
 184.7222521191384 190.6819430131564
 89.92294258970581 93.47108596073512
 111.2182138613332 33.56455612180072
 90.70902706910572 94.58957765557672
 187.7499893397166 153.2803757804129
 35.13125213041384 86.79316620486047
 234.6142968593778 207.2484585303191
 142.5673045064852 41.9747808320045
 127.8086893169121 173.8280882732507
 24.32837150748902 32.67469005593874
 180.9544576094021 13.52816964137581
 228.7473465438691 216.0673962912586
 222.2809432396802 173.3982840833467
 56.77887762168855 7.159513366505604
 199.3031339588655 209.0017887247952
 202.7704527788665 43.45347744698687
 219.3508613695871 12.63207551720872
 73.70721775601474 215.6253362349363
 68.00576701406119 157.0452365345658
 23.6988278220373 52.58438400606168
 245.3296599742501 198.0427446412636
 17.24795957902149 206.2211430267993
 172.8037813995275 102.3546833619745
 28.40954348387246 92.311670280614
 245.2606570939057 39.4776405675551
 152.3616889747029 122.8952872424403
 204.6147663882847 172.6153751318436
 253.3667536306467 215.262236689446
 126.5975411049909 180.7895418870935
 46.86140319660332 239.4124561348499
 60.42995611580461 239.5999240606804
 84.59863388658262 107.2080645455498
 136.5681591877919 97.29496227851023
 187.0616447737377 41.13559844139125
 91.33764376775328 242.7811021103396
 146.6813726848238 55.79634572284429
 124.7202668184951 139.9332831831005
 22.58764241662957 173.8118649151307
 105.3784371253539 202.0890191570048
 49.41269426288211 90.23038010397708
 226.3754453979795 33.11389355353087
 68.43531391292167 6.64113177940946
 88.40714291720151 125.849805863897
 141.3115203104358 60.15693345369984
 19.54457552628382 62.28578674188553
 250.669429114488 92.12397363780526
 45.64553328944412 72.46925271993267
 161.1378948534748 121.7101379748504
 108.3217630588524 12.9724454448184
 110.2503959003138 6.970805511011446
 132.2959146532801 57.26697021490899
 213.2417366675181 85.00780845589024
 177.6008123215889 131.3029231532134
 91.3495737552975 70.20881073427874
 211.9241709760569 177.9749603939246
 78.77947448409886 40.76722035930241
 243.844960835988 213.3269515770543
 175.631621264375 71.42088331414563
 206.8620782044682 63.34904155579697
 147.1382993932363 162.0627716142703
 90.44319651657749 60.75209059547647
 255.4515345765599 66.04473140110666
 193.6400410274657 130.5969627159285
 2.135187945292341 234.9938287631905
 59.28105915963168 184.8555546314132
 247.4948240576058 167.8885295600076
 114.03631476345 36.24474964159542
 248.7017655146771 178.7532719112494
 251.4132626373298 34.26885656656115
 22.50559573365986 149.9153044535206
 119.0096339353828 166.6263229245451
 118.3735351530381 216.9103640629464
 116.6731491735418 79.19795297179
 31.46291952715599 225.8573783189007
 156.2787836723399 241.4736872535537
 63.51218258264048 208.4254119996245
 153.8461013509348 144.5361847434735
 191.6271295423261 107.4115758915126
 67.43091846915122 204.9248520204384
 181.4594596518196 47.03107679562474
 130.6696465719611 255.7452493102353
 109.628124617125 215.1552220987123
 200.0771777603112 13.86206259471465
 196.1325138371743 27.17765583034771
 38.00864856822584 20.48718097627939
 255.3986899678222 74.90039557368495
 18.56103234413892 204.7289681010431
 48.69329864036872 138.5806212213185
 31.33223429988065 190.4775179063241
 46.6636608758629 179.975224710457
 72.108713976408 21.38340245688981
 128.9203798283051 121.9993555827742
 114.8943584630984 61.76426897183303
 180.1592942372157 73.62659746662679
 160.7402598935076 226.5758328744874
 183.2757282990508 70.474762982977
 195.1890036051684 63.90660059145229
 68.62022728157645 198.3546085378476
 66.91475301550669 47.3484249966959
 200.102461379191 13.54797752873538
 183.6473894035023 161.7112581381905
 119.4512399109388 11.65286905212674
 232.4908836488757 99.73536216140157
 174.9980314479957 88.68389919323359
 37.61039988253499 91.12086930107871
 103.7638904252725 88.69748471578158
 219.4055141701229 19.72171795830057
 125.2253324858209 107.4854608996213
 220.5305448413932 95.60203932870003
 40.94573974641618 174.3625230672825
 96.30097009909868 38.65348492421505
 210.4341992350754 196.8353454730651
 102.5835399998183 231.9582168995061
 74.64850130150394 251.6067033537367
 147.9226385880986 1.72374959609341
 107.3462146467394 169.3742546713957
 171.3212068243241 149.8603414714551
 190.9847238366935 137.1990096797952
 70.71062720846108 100.3989702324921
 22.03379633264909 65.05097187900178
 197.7876305420474 231.3754485883359
 84.55444121609891 182.4833476616998
 71.9509229440517 233.8163968616384
 108.1812283298093 152.2261821485171
 11.89657681984293 56.88234565521417
 217.0031528181009 162.0483140092445
 205.924649735074 181.2994320649066
 84.78362745872981 227.1322953658774
 85.91917670632652 98.83819663671723
 153.4088542148237 204.4504287285028
 92.47624480182402 44.32603906261816
 75.71039080035341 105.5081053303007
 255.2765681870844 26.46507408371364
 136.3167611201247 185.6081078390762
 212.019943773364 59.90075899391151
 35.38975948760738 164.1873793810768
 8.597335666385316 248.5691598683679
 248.599216272752 117.623987262414
 150.1483586803263 123.2772800988758
 154.7017804381709 252.7182327816641
 131.9949506543464 170.0908243398787
 67.5876167902742 151.5481990086482
 180.0273656314597 138.0533264318286
 62.24680775966554 219.7308637106149
 23.75743536395349 116.6802673838379
 48.31245304382252 230.2032100655169
 139.4361201446779 8.879362616277898
 245.3079659351918 74.25025208913918
 6.67238525589529 231.3968113768097
 15.06922181244961 129.3698367931086
 25.99174315319602 24.76612585103494
 93.93585331727532 122.4791705002419
 49.74352937539571 166.8015271129835
 56.16121159254986 115.7953229855575
 112.9754961056565 38.76365494813781
 224.0118456386026 74.5358416596694
 107.7151049246378 196.0951439914922
 198.2369486069942 58.45773898203258
 59.04346066173876 67.11290560919632
 130.8335014224155 117.5376516130564
 73.32609650332132 110.3821244293473
 184.6322241795624 116.8258249671479
 211.369157960954 174.1734868861478
 96.9501292765007 152.549685156897
 218.9489977266439 249.61542394081
 159.460605409608 211.9585186007924
 195.6204451075404 229.0275789595727
 173.7876262830151 167.5137297833492
 201.2269732807517 10.98671941348068
 7.857937190273401 182.332367634926
 217.2647800448861 110.0494054296537
 39.07170602645813 24.1245962906067
 64.92282112177251 25.06604237372489
 182.9895377257072 55.32807683432115
 160.0308876749908 103.2731713615968
 222.1453053762836 236.3562932793386
 114.4380049549356 149.8145842232556
 188.6100704025505 83.56869634878812
 168.0262735239774 86.0670176350523
 1.257156871831836 89.76534239776517
 45.97367914322272 170.3486634501385
 64.34864986001297 120.4211895598945
 17.28035513487169 51.77706486536881
 148.2754777336402 156.5383116541118
 32.36110455156377 104.3128999283267
 43.92624921922938 72.72171504043889
 206.8770753845577 90.19298178061091
 188.8757874215217 55.38426336926194
 135.0406941098715 213.3119686230233
 46.5213654231993 72.34887803623964
 235.6362495396443 50.37503780054878
 113.7415852053123 57.51826148656461
 71.44102344330757 244.646025652704
 97.07977493117217 82.30277118864147
 248.366394663178 112.0282248016322
 218.2761162979881 222.5814105114089
 85.27718092600175 88.1377031571583
 190.7122485899394 22.28275640711378
 167.9144274584615 55.13931165530913
 238.6031182762945 195.1005278575488
 210.8715672194718 12.25798730453745
 15.76304805547339 49.07483442613163
 143.0845521258535 140.8231957815225
 98.96236029705004 39.78808859646246
 108.3968517511564 99.62405125899777
 123.2512730657567 3.197421209600873
 3.593536750349711 208.0481967217727
 75.20499923095998 23.56091947803024
 38.68698373262983 251.4267267312332
 10.47996547165995 30.63808177777095
 65.33810920562657 181.9917247836362
 255.4211979859444 238.0942865663067
 157.9207503743375 246.7977953026401
 169.0590365087382 59.4335558237692
 175.417342111986 108.0464769925399
 23.46705198203129 153.6733737712855
 191.623031049951 74.27937164510156
 45.25660562386396 208.0328782079916
 192.1512819745153 110.7944020691941
 115.9598297626161 45.4586505325117
 32.52790431478535 101.1735552926492
 237.0406764517493 175.8193837885895
 58.7456654395359 101.223599874593
 7.713825234927509 201.7667329290958
 54.97890850321504 255.4200838454962
 180.6657062544369 112.6706244824994
 102.1830495653547 254.2842365658646
 134.2986534148749 121.177363500665
 191.4780407407634 160.7772317690516
 225.6319741985338 122.6902796262563
 77.98893161382755 96.71684223466814
 104.8974228664282 5.877693296742916
 253.3723303356212 175.4597539240601
 47.85541171645788 61.44125377811791
 85.35262284253106 209.6500389550905
 152.8237088629514 92.9250634342997
 45.47247278608445 214.9244465831477
 86.22777020217377 102.9344202576065
 223.0411779488936 90.64232943336198
 153.929943002476 45.44080991309865
 170.9186039075194 219.4848441723047
 213.4001918767355 249.3805933819717
 202.0816495439497 122.4593117129104
 46.57505784767285 47.3659953328261
 11.55819730881178 178.7533844385072
 74.62922926162913 112.8309137678938
 196.4312373570266 181.5360270139281
 79.16729378984625 197.0677376409703
 166.0998301937813 69.58232616332283
 221.0007662181946 63.94754726777306
 156.0842833492271 238.2890024241921
 46.55626415995998 50.95726528771438
 24.55571468835164 206.5828994178154
 203.0412581179488 182.0423478440352
 131.3564745000965 245.8710250109266
 58.35608026611338 137.2467421649594
 249.8964914819834 229.0578917874081
 30.68409529353515 230.4521441012256
 7.473074079135739 55.3900563655596
 234.885292862203 145.4132324838847
 192.1529321620255 171.5197851154491
 82.84306311393406 131.5855490645832
 182.6581798927437 95.11617164726682
 71.07189710148022 56.02776133484276
 56.07576650126485 203.9497087974929
 8.16251236125613 213.3310296629004
 71.46946088977056 249.4811181509149
 233.0416826339219 3.573814038204074
 175.8072295776574 18.0992766531897
 176.3185460794689 60.31987449124982
 246.0985914995055 134.8262831993582
 82.55823151253112 124.6085177880486
 124.0456885051636 74.46204256614949
 222.797533769865 92.00563214782427
 55.81837380669383 224.3914767112591
 16.76479448622861 110.4460877858122
 191.9170057930557 145.7507013660707
 89.88212195656841 10.75885280351478
 153.7537149620927 64.06049637155665
 39.98835448808764 80.11171230477142
 153.1476119012726 189.5922688995929
 161.3185717530909 150.4032902865777
 62.47389315169646 134.4462693292615
 149.1809780890358 163.332756435351
 234.9786925478948 212.3734644753402
 231.6277824376555 116.2847908965479
 112.4005305140886 2.97748428740415
 89.57974121364539 89.7959892398931
 122.3284275400292 56.56873365240294
 77.00600333513988 231.2804369617182
 50.01838566384968 229.0962585363112
 27.95511750451614 206.1583093289357
 50.04392944966035 116.1391574805233
 116.6508014721276 240.0904441177928
 13.6494124285255 18.98015155340705
 219.1708011082466 99.93622119716038
 244.0277704318715 215.0644182184243
 65.03769540901651 109.5701000807569
 119.4658965386258 60.21032733794392
 83.87016973298411 100.1773211300768
 243.4350592186292 166.9955382066989
 176.2449519983106 97.58339227948578
 144.917266690942 62.50597954912503
 181.1558444745303 251.4849978866248
 239.407621955818 254.2797452450305
 234.9453138708247 74.46342935299067
 205.3816106790883 76.56106071292417
 39.93067098195 12.26094166132232
 249.6439568622938 109.1611589261419
 15.05193232264646 220.5611514987115
 50.63855304638348 134.7545301866557
 60.74520802463174 58.22561728814169
 174.7255753820367 1.711528230661241
 57.46356184382641 177.5178775738082
 178.7782090581219 50.76499821764183
 127.8407588795781 198.2897814396598
 181.0002824742067 115.8282098037322
 233.6395545241293 242.7827407154746
 19.41689079320447 141.1296197711721
 112.9972737085172 251.9620440594819
 23.45013869586843 255.2833572007046
 135.708942856988 7.13154959047078
 4.354147923386347 108.6626910110869
 73.6297204347119 47.78973476673751
 13.99708551713938 85.32369517329518
 48.32443885138325 160.8056953350716
 63.00963120941073 184.2898035641857
 48.7286659816176 230.7930701624195
 136.4131918510538 95.81561090122089
 206.7544973082574 172.8008843273247
 211.4867109192805 114.165574427228
 109.4785900338306 111.3587131748853
 167.1067831451878 45.69567763337834
 65.43043604855428 49.06141607385739
 16.14100222268634 79.19294248265
 211.4122096104566 199.6826965461511
 179.0834515523644 100.5515561847045
 213.3286043083126 111.0366342070438
 152.1194926880881 116.7037354303488
 83.63376811880373 51.37475627619598
 86.56006796659405 79.99011130607478
 11.39339376937737 144.5644463709731
 13.50759358486142 245.0703538669136
 224.3918795697596 45.85692143692215
 149.6716800371952 176.5359806896049
 111.4707793698809 78.63048705087049
 8.451598036451951 229.7744578203424
 48.88261074599963 105.6484275397863
 143.8709634902539 191.1988762000511
 179.0450263951501 36.93131156680373
 57.54794390052545 68.49876113968257
 254.3136549146988 138.3958860146494
 174.9893708079786 178.371520122748
 13.70474254110219 124.6347680206401
 189.1734259840003 185.8909312959641
 216.8191539178619 16.9952914800147
 246.1074125140508 58.02612783244187
 2.585984365645413 150.371266966828
 57.59452836337921 166.9203794454849
 252.5528956522909 112.7754370688962
 202.222968385404 8.524734605648046
 23.5713394478786 6.698186562953294
 169.4556928120645 99.97747532433824
 207.3129931523416 79.64952968374588
 156.3102882390841 103.0759500170497
 108.574479091248 124.0872194435357
 119.2653393188514 129.3892903759556
 229.0679344913751 24.7556767111176
 252.731887476375 220.135633614329
 101.8431308241503 19.36460851814142
 143.8836597124716 122.3552401952643
 36.11184140413708 113.9746055896482
 78.866994007998 206.2488006389437
 24.7886995745154 178.1575278561927
 59.58157675124853 172.8301631467955
 214.6636312629028 55.23603282739229
 111.4532872148954 196.6770367225128
 94.54624226332727 12.70269911714832
 168.2647649602023 241.2699582234438
 198.068948070618 79.21043394997552
 224.4056694232102 162.1392459283871
 165.8229439792709 185.4798054342172
 39.096078087066 157.912487022987
 99.61781560912191 111.5230260943693
 22.5044916946026 185.1999910471262
 171.41514317675 102.3229808470491
 205.7855214318493 226.8445335123193
 56.22877853064104 119.2711293843788
 140.7057556434737 6.928953352734948
 78.63052811371413 188.672297487633
 160.6521097676361 250.2477095997544
 139.3304145642067 19.74819982563333
 169.6267987485872 204.0523439827705
 148.14899420533 18.79231872067309
 20.0005402075832 196.0694212555349
 132.3253961718624 171.5868028616136
 218.602006639063 225.8858975503134
 66.00621706454403 84.00935396976492
 105.675081512926 199.6527439462604
 38.0052361314623 25.98309672497465
 63.11973936987941 233.3287324524085
 132.1348870121358 77.06227050029385
 71.57036286827169 244.3799251274419
 208.2152066308146 242.9319087756027
 182.2731918481923 201.9665888068997
 149.3676717003892 64.76061393476895
 19.12619297245508 142.4901414636825
 61.11667815905052 82.47123006379879
 15.07648246974413 71.8221803860494
 208.4447068410365 58.50063403598402
 84.78960844651756 223.866973182841
 149.4464426147256 68.64055479312968
 155.5953206076442 255.1393018257814
 49.72770360311922 240.3664404014996
 243.1719571333742 158.6144929998516
 57.14379332354007 3.336983657431728
 121.2999279729341 78.49132365603519
 244.5132705468877 204.4821616588467
 154.4286377765301 21.47271302342262
 110.4819267317495 130.7930593822192
 218.8524029239994 115.714624734036
 153.7228034667402 107.7008962495102
 185.7974608643075 246.5556296377718
 242.782703285324 135.7049588445406
 162.5657411294767 4.212386377054355
 193.6875206659718 203.7616831648976
 127.5600986012895 132.7163452973126
 149.9551658722882 107.5451566494642
 248.3661080742715 221.8174861643213
 188.637065048963 162.6189720873208
 124.8895859275204 204.9266374901404
 96.20375006069263 57.21809617896311
 15.14488526243708 177.0326224822768
 139.0277327696294 239.5991656054487
 229.0079754259187 82.33346886223116
 42.00252209406669 230.3493927597578
 61.31761291944075 142.9422369337363
 241.2189715885368 161.0351466570667
 102.7113348486683 146.7423912455189
 73.12383726746127 27.60816467104361
 148.6712919458293 41.39026975947912
 182.819921809572 153.9212475505034
 83.366915887893 169.5158685935732
 110.5994653747544 99.18713546696999
 253.8011052813597 219.4470141088536
 178.5561314078456 192.2950754268008
 135.6659124419597 84.82832587455205
 227.0001956256885 153.1963490866938
 30.92150211805462 31.05385461018342
 195.5671968359384 197.0574764071267
 83.44819630628699 17.62772479944608
 164.2089834880995 37.47931403568963
 100.226354226759 234.408495873632
 60.32816515952719 187.0825872836457
 17.63397991265866 230.5794051387732
 150.9446446700345 169.7185322648308
 144.8501211704365 88.7928983034633
 223.4350625661487 166.4626190485114
 20.0494486524925 91.77139279704515
 31.83059807336347 241.4097678472667
 30.30865846276275 87.55645659955458
 8.69624966685846 161.4890075764614
 89.40177799971018 86.33142764421511
 159.2287644911247 215.1238888306104
 172.6369975547213 232.4622503114646
 176.2954736648105 82.01684709071232
 226.7771897388744 177.909295338786
 121.9580925798708 236.8554137957329
 82.85675788852485 128.9771832617571
 82.63239959380662 30.321631991051
 23.59453078224128 141.4210495953209
 140.4917793750116 99.7447266497483
 173.3240786911992 116.9561067329209
 140.2882342154001 251.5943537411613
 165.1641102664494 242.4581752982596
 243.8758069883183 253.0869203810846
 231.7380184903058 98.30323856488575
 107.4881094458892 54.56821846277948
 240.3133583661177 183.7151487200915
 57.16434584095028 36.89484203952368
 129.159512499631 46.47522198818136
 44.92063183347587 161.9361742535511
 182.2479587303574 13.48399171236282
 1.084746747252905 143.8011010117053
 4.577683086167878 121.2445473258269
 252.8497938951709 104.7694261239305
 186.0744016771476 184.1191674344095
 11.24643625346333 11.93927955584995
 25.53727126881402 130.1126217988104
 34.2551684881107 253.5851494436984
 133.4757088816922 240.0355811765307
 108.9982327792183 100.2631969736362
 174.9191860629549 223.2321432714131
 104.352528496836 77.93226407749835
 223.0338952386004 167.2844592871938
 210.6155360615238 148.7748355389828
 150.3151911383521 47.25366910868082
 245.32705567015 61.30741682901281
 168.040765177263 185.1677687634846
 116.0738253483512 69.83023747454725
 64.5810985956749 193.6313379773126
 232.1243749997379 29.74850022210911
 153.1669712187856 60.32361837614404
 21.59143558109998 91.76034551893277
 88.01474777819836 183.7921868490387
 185.5101864423012 161.5130833863918
 49.82417574806884 1.584362509408987
 255.3330412641409 51.80819237414285
 45.04576499583739 102.8589400069474
 141.999862849049 152.4871149685054
 1.804517434920069 219.391315125491
 179.9584430244611 176.2978775151151
 47.15699344541754 249.1161137277444
 148.9455592210458 148.2676759119515
 221.0114002113167 28.18090460596816
 210.6530851898542 37.98186101242835
 23.64876343448189 13.79174361861028
 189.5093632699524 207.4755646292961
 74.48277650607871 87.77351663896339
 163.9701226047416 115.2026519557832
 40.91107170435758 205.9303105548601
 184.3197507811351 133.947845414058
 189.4628049655866 242.4318301935539
 31.3168002593237 44.38143291523461
 76.40484356121935 241.3325772375688
 157.5917403740871 219.9095538941811
 62.70968675037268 135.6842129574776
 22.11288997158088 12.27212786315026
 212.6477651018866 251.4941507630181
 58.8671487060917 56.45502625669231
 48.24255628095615 200.3277340011674
 99.60861856012393 238.8075710664086
 128.1687038076784 81.02642202348524
 18.17926970258797 224.7009560767997
 3.174756955342997 171.022839321922
 231.0094150681228 212.0627365485229
 115.5675202655459 255.9914032206377
 164.7377090498697 250.4729572358751
 225.593574798534 165.5476809776791
 214.4425353511137 63.64352513934615
 226.5947774637861 60.60661021823871
 239.2306657381895 114.3076726091821
 235.8694975655974 30.48691029071092
 146.4208508122836 17.86928465841246
 105.1142443614057 184.227789444555
 208.9617869857768 143.4059154704837
 29.05154871184915 106.1520285374246
 157.3922344998726 224.3910093981662
 208.2599163651371 45.39941449115823
 167.3044005475446 193.9935071146022
 130.5639314295844 141.1966199686062
 30.24110412841791 252.9807025380997
 76.3689967770422 229.0503235053578
 54.05555188342989 27.65032672376783
 87.93371533421977 229.8327754282459
 112.4051411881899 47.12900670838947
 247.5291842868488 48.10933516220327
 146.9406648451463 50.44330938719132
 31.29550079207452 180.7905316600202
 153.6233579749569 192.5878990897487
 87.0443760831747 121.4395015223282
 147.1876663522206 128.7405688716492
 119.6100064608047 161.7965060010221
 57.42296956019895 2.468808410467813
 15.90188679327543 139.5890926772839
 157.6362181684546 185.0623067145121
 152.4403316175867 153.7163453051082
 77.23080740834855 236.4692452202702
 244.1522622602315 151.6901951522508
 2.721356271123949 245.1042436276135
 39.66707994974813 63.61884856303102
 151.475919991475 181.9781750634479
 18.84640078868592 164.4330326699674
 105.7000119063809 213.4775069234774
 49.82638112394964 85.61837687875881
 116.2089992492627 53.44495157765691
 128.4097855826432 254.7205501338382
 210.2844367613934 36.2229168227624
 61.86160989151445 86.59128613072947
 163.2401743888314 157.9953661953523
 154.5192241491924 135.0051027261295
 17.83142432003144 212.7272029092663
 129.5088066692039 7.987515621565803
 40.15020562835123 101.3901463535491
 2.609606927001818 254.6071773984656
 186.2468509234774 198.6365319595057
 162.6011978107421 18.95915315423231
 104.8944346116924 108.2528645691642
 246.9427671515731 12.43419918288084
 114.3765134047189 43.0864600029288
 54.15340958166264 230.2521543906624
 209.2046116089466 1.359890585320284
 199.8649654318699 56.3557516276132
 67.77537929381201 125.0543778188358
 16.61281782033045 206.7005940326623
 110.8808622601413 193.0794271602952
 169.0473298603161 144.550285074863
 19.20801026609321 129.1733322322397
 3.730683291154731 23.06474167209056
 88.76667644073565 134.6525059481099
 48.70843016175591 248.767332313581
 182.9007382111766 101.3467284510829
 30.67183007716731 241.1223974259084
 41.90328712715679 132.437945499022
 8.333147204552585 178.5462073353911
 6.809043959064366 201.0806897774241
 187.248252723182 211.852573852997
 173.8632377809292 70.38098320566245
 59.05658345668068 103.6552411867872
 6.969546258408809 114.4697165743674
 218.3526280778933 227.362418776167
 78.45727403496643 110.6045391778936
 177.0638169214419 165.0408896249035
 218.9988079193036 86.90419466297921
 101.3689372569272 195.3960391196424
 38.3685557792313 245.7547144399397
 176.0160015765696 94.04647280949264
 158.0771043077384 232.5039514511265
 186.2900030857468 239.3041332294541
 30.52359550774396 7.125124953129768
 239.4057903529326 69.44385709252377
 4.805370790157764 209.2973691946873
 199.297650103702 211.1228103556382
 110.0088478241833 80.33735935066768
 106.6088409058431 125.085156703938
 52.28877666472145 186.8863733469703
 104.3250264287234 134.6596812273657
 74.52767570684291 251.0752356593112
 205.6570402436947 207.9169964942803
 181.5301002325731 37.00006384534412
 80.5642625370363 167.2489976067617
 179.0952817250119 36.62264195625615
 156.5179975185542 182.6941277496173
 161.6220569343503 115.2670848984935
 120.4199437239794 113.3296131167994
 192.2735647535387 102.627227331424
 14.99494148902651 240.0789860847161
 4.126081800155089 187.4930654919573
 242.473926961751 189.5547102578275
 129.8820203207798 142.8977548384159
 144.3408179815516 200.5060410205166
 176.1787422140492 74.99061930220707
 231.8383033938856 3.626804124096606
 13.9680819685427 39.66963349645961
 12.58315413982559 98.28896743619025
 32.64924024831323 221.5676670562886
 134.2807337207174 159.8358263631812
 206.5401644304654 94.59760270434028
 61.34298645799824 252.7597797390788
 198.3631638194683 224.0655482924684
 224.9852748957898 222.8024035603468
 92.71528235290343 238.3691185783067
 208.6539278409212 163.556087367622
 238.3137843705935 232.5842532044366
 92.27038158543958 188.3407395790108
 1.03541609640136 80.86170580558253
 44.49164946747867 244.127298521483
 241.8516535546058 85.62768279507439
 61.80052452586931 14.93445779026514
 71.81190831325621 235.7134524995153
 7.321995635293928 198.7471259260085
 108.0355489853659 56.27720295322978
 26.87053238329936 10.4273863348621
 212.9433302739058 69.60276292472396
 15.78283468733418 6.040313969165067
 207.6481478393689 161.0358894818279
 97.27760849217687 119.6922173640245
 99.9353315798899 185.3596550339033
 169.5796375405305 31.04228428662541
 129.7579832680058 61.54062312000583
 214.2376886903781 34.84982490698208
 114.6842392270687 7.158797208998505
 27.53077810175382 58.19652756744155
 250.8461658119932 183.5444694427464
 144.7740009681635 21.55702875515597
 188.2303271173077 212.3520228707136
 85.57461346305085 231.7857235703463
 153.2771536653704 38.18767406527066
 132.244242818242 37.17043300821275
 32.29765656288644 59.16521255458686
 13.63143920444015 229.5081756400908
 27.59756436583673 201.8587662149971
 98.97059528815579 232.6303873659519
 80.56360592507427 159.1140737219048
 250.3730787029737 163.3415135007809
 162.7898555404345 66.71124979305095
 123.4438150682265 228.7244496453355
 47.19814540964036 127.1570138787608
 187.5261963272986 155.7459936801312
 85.25617854531784 0.1816037776770372
 17.12146694162787 165.3896546979509
 1.539228468577232 108.1781170293174
 148.1306877165761 143.3296452805405
 214.9862144005253 226.4427611026046
 30.01948229024149 90.72313144965564
 246.3757004357942 179.340918090759
 234.0798435923271 44.64567115713707
 146.8597477525954 157.0952107411229
 238.5077467249972 243.8563011274651
 192.5413876544322 181.7048522957006
 194.5377314825064 53.49359194915023
 7.912841026787629 215.9607420707163
 64.09456881196679 243.8290748473928
 134.8130946295923 52.68760591458958
 41.77751171152282 216.0291949398506
 119.8660000589367 208.6100350864844
 147.248430330243 156.2027709241973
 188.5618481311651 99.77092699060087
 143.5880818994449 168.9961156230789
 156.7930026648194 78.32046224087331
 97.28078698254019 30.7854606899955
 158.6359916621393 86.2396469475308
 8.670962395735256 163.6560095954735
 19.50016547417583 55.53085765464827
 102.7655084810764 131.8159844672485
 200.4659257729127 59.46626459734897
 86.45481558440419 173.4895563762732
 151.0601650004792 203.5599770016059
 5.496601185741622 40.49944547432843
 189.6488729525081 152.0308069516862
 160.5096192778475 194.9754592154082
 138.2664238722761 126.0104266210766
 181.5942150586219 247.8848944142163
 201.9680132345979 219.464105203865
 239.4414654997008 216.936709386074
 251.9766860864999 215.3124748682925
 15.94521984063978 194.8746521771722
 229.627645366796 189.3700204179733
 31.92717523086854 104.82868590046
 38.12191654739944 126.5893609208137
 249.3218639561099 136.9592721757676
 60.52126179125084 126.5816108638889
 147.50038460947 104.1731330020654
 187.3675253447972 23.81059269223625
 237.7199697924763 172.3582964276311
 119.1356838534597 95.8423657186538
 156.344248113048 240.3688190563865
 235.5821444399738 11.39168545839233
 29.62421598793683 149.7272253515145
 241.7844046302388 56.36430202913284
 110.2039573948678 155.9990096786538
 139.2930177674223 234.8727414596957
 105.2264898585662 144.4635572598122
 155.7364712368857 14.32303060229985
 187.2550955666701 214.6934936071263
 250.4607532127721 87.69698421225975
 192.4180622659683 45.88504421303396
 207.6772472209081 36.18127318706199
 115.2659584374912 64.00516942195007
 111.8473568633772 209.858071900478
 174.2210404680778 237.0886126206036
 37.57702498269749 206.6165304012825
 240.6486132191301 249.5306599540623
 182.0388210708011 39.34321188659409


